
7 1 2 
4 5 3 
6 8 _ 


7 1 2 
4 5 _ 
6 8 3 


7 1 _ 
4 5 2 
6 8 3 


7 _ 1 
4 5 2 
6 8 3 


_ 7 1 
4 5 2 
6 8 3 


4 7 1 
_ 5 2 
6 8 3 


4 7 1 
6 5 2 
_ 8 3 


4 7 1 
6 5 2 
8 _ 3 


4 7 1 
6 5 2 
8 3 _ 


4 7 1 
6 5 _ 
8 3 2 


4 7 1 
6 _ 5 
8 3 2 


4 _ 1 
6 7 5 
8 3 2 


_ 4 1 
6 7 5 
8 3 2 


6 4 1 
_ 7 5 
8 3 2 


6 4 1 
7 _ 5 
8 3 2 


6 4 1 
7 5 _ 
8 3 2 


6 4 _ 
7 5 1 
8 3 2 


6 _ 4 
7 5 1 
8 3 2 


_ 6 4 
7 5 1 
8 3 2 


7 6 4 
_ 5 1 
8 3 2 


7 6 4 
5 _ 1 
8 3 2 


7 _ 4 
5 6 1 
8 3 2 


_ 7 4 
5 6 1 
8 3 2 


5 7 4 
_ 6 1 
8 3 2 


5 7 4 
6 _ 1 
8 3 2 


5 7 4 
6 1 _ 
8 3 2 


5 7 _ 
6 1 4 
8 3 2 


5 _ 7 
6 1 4 
8 3 2 


_ 5 7 
6 1 4 
8 3 2 


6 5 7 
_ 1 4 
8 3 2 

