
5 8 2 
3 _ 6 
7 1 4 


5 8 2 
3 1 6 
7 _ 4 


5 8 2 
3 1 6 
_ 7 4 


5 8 2 
_ 1 6 
3 7 4 


5 8 2 
1 _ 6 
3 7 4 


5 _ 2 
1 8 6 
3 7 4 


_ 5 2 
1 8 6 
3 7 4 


1 5 2 
_ 8 6 
3 7 4 


1 5 2 
3 8 6 
_ 7 4 


1 5 2 
3 8 6 
7 _ 4 


1 5 2 
3 _ 6 
7 8 4 


1 5 2 
3 6 _ 
7 8 4 


1 5 _ 
3 6 2 
7 8 4 


1 _ 5 
3 6 2 
7 8 4 


1 6 5 
3 _ 2 
7 8 4 


1 6 5 
_ 3 2 
7 8 4 


1 6 5 
7 3 2 
_ 8 4 


1 6 5 
7 3 2 
8 _ 4 


1 6 5 
7 3 2 
8 4 _ 


1 6 5 
7 3 _ 
8 4 2 


1 6 _ 
7 3 5 
8 4 2 


1 _ 6 
7 3 5 
8 4 2 


1 3 6 
7 _ 5 
8 4 2 


1 3 6 
7 4 5 
8 _ 2 


1 3 6 
7 4 5 
8 2 _ 


1 3 6 
7 4 _ 
8 2 5 


1 3 6 
7 _ 4 
8 2 5 


1 3 6 
7 2 4 
8 _ 5 


1 3 6 
7 2 4 
8 5 _ 


1 3 6 
7 2 _ 
8 5 4 


1 3 _ 
7 2 6 
8 5 4 


1 _ 3 
7 2 6 
8 5 4 


1 2 3 
7 _ 6 
8 5 4 


1 2 3 
7 5 6 
8 _ 4 


1 2 3 
7 5 6 
8 4 _ 


1 2 3 
7 5 _ 
8 4 6 


1 2 3 
7 _ 5 
8 4 6 


1 2 3 
7 4 5 
8 _ 6 


1 2 3 
7 4 5 
_ 8 6 


1 2 3 
_ 4 5 
7 8 6 


1 2 3 
4 _ 5 
7 8 6 


1 2 3 
4 5 _ 
7 8 6 


1 2 3 
4 5 6 
7 8 _ 

